United States, Cumulative cohort fertility rates (horizontal parallelograms
Last modified: 25/03/2025
Cohort  Age     CCFR
1918    12         .
1918    13         .
1918    14         .
1918    15     0.000
1918    16     0.007
1918    17     0.027
1918    18     0.068
1918    19     0.137
1918    20     0.231
1918    21     0.344
1918    22     0.466
1918    23     0.598
1918    24     0.748
1918    25     0.914
1918    26     1.072
1918    27     1.206
1918    28     1.342
1918    29     1.494
1918    30     1.632
1918    31     1.757
1918    32     1.865
1918    33     1.968
1918    34     2.061
1918    35     2.145
1918    36     2.221
1918    37     2.286
1918    38     2.342
1918    39     2.391
1918    40     2.429
1918    41     2.457
1918    42     2.476
1918    43     2.490
1918    44     2.499
1918    45     2.504
1918    46     2.506
1918    47     2.507
1918    48     2.507
1918    49     2.507
1918    50     2.507
1918    51     2.507
1918    52     2.507
1918    53     2.507
1918    54     2.507
1918    55     2.507
1919    12         .
1919    13         .
1919    14     0.000
1919    15     0.002
1919    16     0.009
1919    17     0.030
1919    18     0.073
1919    19     0.146
1919    20     0.241
1919    21     0.354
1919    22     0.483
1919    23     0.632
1919    24     0.793
1919    25     0.954
1919    26     1.102
1919    27     1.252
1919    28     1.412
1919    29     1.566
1919    30     1.700
1919    31     1.826
1919    32     1.937
1919    33     2.047
1919    34     2.144
1919    35     2.231
1919    36     2.308
1919    37     2.374
1919    38     2.430
1919    39     2.479
1919    40     2.517
1919    41     2.545
1919    42     2.565
1919    43     2.579
1919    44     2.587
1919    45     2.591
1919    46     2.593
1919    47     2.594
1919    48     2.595
1919    49     2.595
1919    50     2.595
1919    51     2.595
1919    52     2.595
1919    53     2.595
1919    54     2.595
1919    55     2.595
1920    12         .
1920    13     0.000
1920    14     0.000
1920    15     0.002
1920    16     0.010
1920    17     0.032
1920    18     0.077
1920    19     0.150
1920    20     0.244
1920    21     0.364
1920    22     0.508
1920    23     0.667
1920    24     0.824
1920    25     0.975
1920    26     1.136
1920    27     1.315
1920    28     1.482
1920    29     1.637
1920    30     1.776
1920    31     1.908
1920    32     2.027
1920    33     2.142
1920    34     2.244
1920    35     2.334
1920    36     2.414
1920    37     2.482
1920    38     2.540
1920    39     2.589
1920    40     2.628
1920    41     2.657
1920    42     2.677
1920    43     2.691
1920    44     2.700
1920    45     2.704
1920    46     2.706
1920    47     2.707
1920    48     2.707
1920    49     2.708
1920    50     2.708
1920    51     2.708
1920    52     2.708
1920    53     2.708
1920    54     2.708
1920    55     2.708
1921    12     0.000
1921    13     0.000
1921    14     0.000
1921    15     0.002
1921    16     0.010
1921    17     0.032
1921    18     0.078
1921    19     0.149
1921    20     0.247
1921    21     0.379
1921    22     0.532
1921    23     0.686
1921    24     0.832
1921    25     0.997
1921    26     1.184
1921    27     1.364
1921    28     1.526
1921    29     1.682
1921    30     1.825
1921    31     1.961
1921    32     2.081
1921    33     2.196
1921    34     2.297
1921    35     2.387
1921    36     2.466
1921    37     2.533
1921    38     2.587
1921    39     2.635
1921    40     2.673
1921    41     2.701
1921    42     2.720
1921    43     2.733
1921    44     2.741
1921    45     2.745
1921    46     2.747
1921    47     2.748
1921    48     2.748
1921    49     2.749
1921    50     2.749
1921    51     2.749
1921    52     2.749
1921    53     2.749
1921    54     2.749
1921    55     2.749
1922    12     0.000
1922    13     0.000
1922    14     0.000
1922    15     0.002
1922    16     0.010
1922    17     0.033
1922    18     0.079
1922    19     0.152
1922    20     0.259
1922    21     0.398
1922    22     0.546
1922    23     0.688
1922    24     0.852
1922    25     1.046
1922    26     1.232
1922    27     1.404
1922    28     1.563
1922    29     1.722
1922    30     1.871
1922    31     2.010
1922    32     2.130
1922    33     2.246
1922    34     2.346
1922    35     2.435
1922    36     2.513
1922    37     2.578
1922    38     2.632
1922    39     2.678
1922    40     2.714
1922    41     2.740
1922    42     2.758
1922    43     2.770
1922    44     2.778
1922    45     2.781
1922    46     2.783
1922    47     2.784
1922    48     2.784
1922    49     2.784
1922    50     2.784
1922    51     2.784
1922    52     2.784
1922    53     2.784
1922    54     2.784
1922    55     2.784
1923    12     0.000
1923    13     0.000
1923    14     0.000
1923    15     0.003
1923    16     0.011
1923    17     0.035
1923    18     0.082
1923    19     0.160
1923    20     0.272
1923    21     0.405
1923    22     0.540
1923    23     0.699
1923    24     0.900
1923    25     1.099
1923    26     1.282
1923    27     1.454
1923    28     1.617
1923    29     1.783
1923    30     1.937
1923    31     2.079
1923    32     2.202
1923    33     2.319
1923    34     2.421
1923    35     2.511
1923    36     2.588
1923    37     2.653
1923    38     2.707
1923    39     2.752
1923    40     2.786
1923    41     2.812
1923    42     2.828
1923    43     2.840
1923    44     2.846
1923    45     2.850
1923    46     2.851
1923    47     2.852
1923    48     2.852
1923    49     2.852
1923    50     2.852
1923    51     2.852
1923    52     2.852
1923    53     2.852
1923    54     2.852
1923    55     2.852
1924    12     0.000
1924    13     0.000
1924    14     0.000
1924    15     0.003
1924    16     0.012
1924    17     0.036
1924    18     0.087
1924    19     0.168
1924    20     0.274
1924    21     0.395
1924    22     0.547
1924    23     0.743
1924    24     0.953
1924    25     1.150
1924    26     1.339
1924    27     1.520
1924    28     1.693
1924    29     1.864
1924    30     2.022
1924    31     2.168
1924    32     2.293
1924    33     2.413
1924    34     2.515
1924    35     2.604
1924    36     2.682
1924    37     2.747
1924    38     2.801
1924    39     2.845
1924    40     2.879
1924    41     2.904
1924    42     2.919
1924    43     2.930
1924    44     2.936
1924    45     2.939
1924    46     2.941
1924    47     2.941
1924    48     2.942
1924    49     2.942
1924    50     2.942
1924    51     2.942
1924    52     2.942
1924    53     2.942
1924    54     2.942
1924    55     2.942
1925    12     0.000
1925    13     0.000
1925    14     0.000
1925    15     0.003
1925    16     0.012
1925    17     0.038
1925    18     0.091
1925    19     0.167
1925    20     0.263
1925    21     0.397
1925    22     0.584
1925    23     0.789
1925    24     0.991
1925    25     1.188
1925    26     1.384
1925    27     1.574
1925    28     1.752
1925    29     1.925
1925    30     2.084
1925    31     2.231
1925    32     2.357
1925    33     2.475
1925    34     2.575
1925    35     2.662
1925    36     2.739
1925    37     2.802
1925    38     2.853
1925    39     2.896
1925    40     2.929
1925    41     2.952
1925    42     2.966
1925    43     2.976
1925    44     2.981
1925    45     2.984
1925    46     2.985
1925    47     2.986
1925    48     2.986
1925    49     2.986
1925    50     2.986
1925    51     2.986
1925    52     2.986
1925    53     2.986
1925    54     2.986
1925    55     2.986
1926    12     0.000
1926    13     0.000
1926    14     0.000
1926    15     0.003
1926    16     0.013
1926    17     0.040
1926    18     0.090
1926    19     0.159
1926    20     0.266
1926    21     0.435
1926    22     0.634
1926    23     0.833
1926    24     1.035
1926    25     1.235
1926    26     1.439
1926    27     1.632
1926    28     1.813
1926    29     1.989
1926    30     2.149
1926    31     2.296
1926    32     2.421
1926    33     2.537
1926    34     2.635
1926    35     2.721
1926    36     2.794
1926    37     2.855
1926    38     2.904
1926    39     2.945
1926    40     2.974
1926    41     2.994
1926    42     3.008
1926    43     3.016
1926    44     3.021
1926    45     3.024
1926    46     3.025
1926    47     3.025
1926    48     3.025
1926    49     3.025
1926    50     3.025
1926    51     3.025
1926    52     3.025
1926    53     3.025
1926    54     3.025
1926    55     3.025
1927    12     0.000
1927    13     0.000
1927    14     0.000
1927    15     0.003
1927    16     0.013
1927    17     0.039
1927    18     0.085
1927    19     0.162
1927    20     0.301
1927    21     0.486
1927    22     0.682
1927    23     0.883
1927    24     1.091
1927    25     1.302
1927    26     1.511
1927    27     1.708
1927    28     1.893
1927    29     2.071
1927    30     2.235
1927    31     2.383
1927    32     2.507
1927    33     2.621
1927    34     2.720
1927    35     2.805
1927    36     2.876
1927    37     2.934
1927    38     2.982
1927    39     3.019
1927    40     3.046
1927    41     3.064
1927    42     3.076
1927    43     3.084
1927    44     3.089
1927    45     3.091
1927    46     3.092
1927    47     3.092
1927    48     3.092
1927    49     3.092
1927    50     3.092
1927    51     3.092
1927    52     3.092
1927    53     3.092
1927    54     3.092
1927    55     3.092
1928    12     0.000
1928    13     0.000
1928    14     0.000
1928    15     0.003
1928    16     0.013
1928    17     0.038
1928    18     0.083
1928    19     0.180
1928    20     0.335
1928    21     0.516
1928    22     0.709
1928    23     0.915
1928    24     1.132
1928    25     1.346
1928    26     1.559
1928    27     1.758
1928    28     1.941
1928    29     2.120
1928    30     2.282
1928    31     2.429
1928    32     2.552
1928    33     2.665
1928    34     2.761
1928    35     2.842
1928    36     2.911
1928    37     2.966
1928    38     3.009
1928    39     3.043
1928    40     3.067
1928    41     3.084
1928    42     3.095
1928    43     3.102
1928    44     3.106
1928    45     3.108
1928    46     3.109
1928    47     3.109
1928    48     3.109
1928    49     3.109
1928    50     3.109
1928    51     3.109
1928    52     3.109
1928    53     3.109
1928    54     3.109
1928    55     3.109
1929    12     0.000
1929    13     0.000
1929    14     0.000
1929    15     0.003
1929    16     0.013
1929    17     0.037
1929    18     0.093
1929    19     0.206
1929    20     0.362
1929    21     0.542
1929    22     0.743
1929    23     0.961
1929    24     1.186
1929    25     1.410
1929    26     1.630
1929    27     1.834
1929    28     2.023
1929    29     2.202
1929    30     2.365
1929    31     2.512
1929    32     2.637
1929    33     2.748
1929    34     2.842
1929    35     2.922
1929    36     2.988
1929    37     3.039
1929    38     3.079
1929    39     3.110
1929    40     3.132
1929    41     3.148
1929    42     3.158
1929    43     3.164
1929    44     3.168
1929    45     3.169
1929    46     3.170
1929    47     3.170
1929    48     3.171
1929    49     3.171
1929    50     3.171
1929    51     3.171
1929    52     3.171
1929    53     3.171
1929    54     3.171
1929    55     3.171
1930    12     0.000
1930    13     0.000
1930    14     0.000
1930    15     0.003
1930    16     0.012
1930    17     0.040
1930    18     0.107
1930    19     0.223
1930    20     0.379
1930    21     0.567
1930    22     0.780
1930    23     1.006
1930    24     1.241
1930    25     1.475
1930    26     1.703
1930    27     1.916
1930    28     2.111
1930    29     2.291
1930    30     2.454
1930    31     2.601
1930    32     2.727
1930    33     2.837
1930    34     2.931
1930    35     3.008
1930    36     3.069
1930    37     3.116
1930    38     3.154
1930    39     3.182
1930    40     3.204
1930    41     3.218
1930    42     3.227
1930    43     3.233
1930    44     3.236
1930    45     3.237
1930    46     3.238
1930    47     3.238
1930    48     3.239
1930    49     3.239
1930    50     3.239
1930    51     3.239
1930    52     3.239
1930    53     3.239
1930    54     3.239
1930    55     3.239
1931    12     0.000
1931    13     0.000
1931    14     0.000
1931    15     0.003
1931    16     0.013
1931    17     0.046
1931    18     0.117
1931    19     0.232
1931    20     0.395
1931    21     0.593
1931    22     0.811
1931    23     1.045
1931    24     1.287
1931    25     1.527
1931    26     1.763
1931    27     1.977
1931    28     2.170
1931    29     2.349
1931    30     2.511
1931    31     2.651
1931    32     2.770
1931    33     2.877
1931    34     2.964
1931    35     3.033
1931    36     3.088
1931    37     3.131
1931    38     3.164
1931    39     3.191
1931    40     3.210
1931    41     3.223
1931    42     3.230
1931    43     3.235
1931    44     3.238
1931    45     3.240
1931    46     3.240
1931    47     3.240
1931    48     3.241
1931    49     3.241
1931    50     3.241
1931    51     3.241
1931    52     3.241
1931    53     3.241
1931    54     3.241
1931    55     3.241
1932    12     0.000
1932    13     0.000
1932    14     0.000
1932    15     0.004
1932    16     0.016
1932    17     0.052
1932    18     0.123
1932    19     0.243
1932    20     0.414
1932    21     0.618
1932    22     0.846
1932    23     1.091
1932    24     1.343
1932    25     1.592
1932    26     1.831
1932    27     2.046
1932    28     2.240
1932    29     2.418
1932    30     2.575
1932    31     2.709
1932    32     2.823
1932    33     2.923
1932    34     3.001
1932    35     3.064
1932    36     3.114
1932    37     3.154
1932    38     3.185
1932    39     3.209
1932    40     3.226
1932    41     3.237
1932    42     3.244
1932    43     3.248
1932    44     3.251
1932    45     3.252
1932    46     3.253
1932    47     3.253
1932    48     3.253
1932    49     3.253
1932    50     3.253
1932    51     3.253
1932    52     3.253
1932    53     3.253
1932    54     3.253
1932    55     3.253
1933    12     0.000
1933    13     0.000
1933    14     0.000
1933    15     0.005
1933    16     0.018
1933    17     0.054
1933    18     0.129
1933    19     0.253
1933    20     0.428
1933    21     0.640
1933    22     0.878
1933    23     1.133
1933    24     1.395
1933    25     1.647
1933    26     1.885
1933    27     2.102
1933    28     2.297
1933    29     2.471
1933    30     2.623
1933    31     2.754
1933    32     2.861
1933    33     2.951
1933    34     3.023
1933    35     3.081
1933    36     3.128
1933    37     3.166
1933    38     3.195
1933    39     3.217
1933    40     3.231
1933    41     3.241
1933    42     3.247
1933    43     3.251
1933    44     3.254
1933    45     3.255
1933    46     3.255
1933    47     3.256
1933    48     3.256
1933    49     3.256
1933    50     3.256
1933    51     3.256
1933    52     3.256
1933    53     3.256
1933    54     3.256
1933    55     3.256
1934    12     0.000
1934    13     0.000
1934    14     0.000
1934    15     0.005
1934    16     0.018
1934    17     0.056
1934    18     0.133
1934    19     0.260
1934    20     0.442
1934    21     0.662
1934    22     0.910
1934    23     1.176
1934    24     1.442
1934    25     1.696
1934    26     1.935
1934    27     2.152
1934    28     2.346
1934    29     2.516
1934    30     2.665
1934    31     2.789
1934    32     2.888
1934    33     2.970
1934    34     3.036
1934    35     3.091
1934    36     3.137
1934    37     3.173
1934    38     3.199
1934    39     3.218
1934    40     3.230
1934    41     3.239
1934    42     3.245
1934    43     3.249
1934    44     3.251
1934    45     3.253
1934    46     3.253
1934    47     3.253
1934    48     3.254
1934    49     3.254
1934    50     3.254
1934    51     3.254
1934    52     3.254
1934    53     3.254
1934    54     3.254
1934    55     3.254
1935    12     0.000
1935    13     0.000
1935    14     0.000
1935    15     0.005
1935    16     0.019
1935    17     0.057
1935    18     0.134
1935    19     0.264
1935    20     0.451
1935    21     0.678
1935    22     0.935
1935    23     1.203
1935    24     1.469
1935    25     1.724
1935    26     1.962
1935    27     2.176
1935    28     2.364
1935    29     2.530
1935    30     2.670
1935    31     2.782
1935    32     2.874
1935    33     2.950
1935    34     3.013
1935    35     3.065
1935    36     3.108
1935    37     3.140
1935    38     3.163
1935    39     3.180
1935    40     3.192
1935    41     3.200
1935    42     3.206
1935    43     3.210
1935    44     3.212
1935    45     3.213
1935    46     3.214
1935    47     3.214
1935    48     3.214
1935    49     3.214
1935    50     3.214
1935    51     3.214
1935    52     3.214
1935    53     3.214
1935    54     3.214
1935    55     3.214
1936    12     0.000
1936    13     0.000
1936    14     0.000
1936    15     0.005
1936    16     0.019
1936    17     0.057
1936    18     0.136
1936    19     0.266
1936    20     0.457
1936    21     0.692
1936    22     0.949
1936    23     1.213
1936    24     1.478
1936    25     1.730
1936    26     1.960
1936    27     2.166
1936    28     2.347
1936    29     2.502
1936    30     2.628
1936    31     2.729
1936    32     2.814
1936    33     2.887
1936    34     2.948
1936    35     2.997
1936    36     3.034
1936    37     3.062
1936    38     3.083
1936    39     3.099
1936    40     3.110
1936    41     3.117
1936    42     3.123
1936    43     3.126
1936    44     3.128
1936    45     3.130
1936    46     3.130
1936    47     3.130
1936    48     3.130
1936    49     3.131
1936    50     3.131
1936    51     3.131
1936    52     3.131
1936    53     3.131
1936    54     3.131
1936    55     3.131
1937    12     0.000
1937    13     0.000
1937    14     0.000
1937    15     0.005
1937    16     0.018
1937    17     0.058
1937    18     0.138
1937    19     0.272
1937    20     0.472
1937    21     0.709
1937    22     0.966
1937    23     1.231
1937    24     1.495
1937    25     1.740
1937    26     1.962
1937    27     2.160
1937    28     2.329
1937    29     2.470
1937    30     2.586
1937    31     2.680
1937    32     2.763
1937    33     2.835
1937    34     2.893
1937    35     2.937
1937    36     2.969
1937    37     2.994
1937    38     3.013
1937    39     3.028
1937    40     3.039
1937    41     3.046
1937    42     3.052
1937    43     3.055
1937    44     3.057
1937    45     3.058
1937    46     3.059
1937    47     3.059
1937    48     3.059
1937    49     3.059
1937    50     3.059
1937    51     3.059
1937    52     3.059
1937    53     3.059
1937    54     3.059
1937    55     3.059
1938    12     0.000
1938    13     0.000
1938    14     0.000
1938    15     0.005
1938    16     0.019
1938    17     0.059
1938    18     0.141
1938    19     0.281
1938    20     0.483
1938    21     0.723
1938    22     0.982
1938    23     1.246
1938    24     1.505
1938    25     1.740
1938    26     1.954
1938    27     2.138
1938    28     2.292
1938    29     2.421
1938    30     2.532
1938    31     2.625
1938    32     2.708
1938    33     2.777
1938    34     2.829
1938    35     2.868
1938    36     2.898
1938    37     2.921
1938    38     2.939
1938    39     2.954
1938    40     2.964
1938    41     2.971
1938    42     2.976
1938    43     2.980
1938    44     2.981
1938    45     2.983
1938    46     2.983
1938    47     2.983
1938    48     2.983
1938    49     2.983
1938    50     2.983
1938    51     2.983
1938    52     2.983
1938    53     2.983
1938    54     2.983
1938    55     2.983
1939    12     0.000
1939    13     0.000
1939    14     0.000
1939    15     0.005
1939    16     0.020
1939    17     0.062
1939    18     0.148
1939    19     0.289
1939    20     0.491
1939    21     0.730
1939    22     0.986
1939    23     1.243
1939    24     1.491
1939    25     1.716
1939    26     1.915
1939    27     2.083
1939    28     2.226
1939    29     2.350
1939    30     2.460
1939    31     2.553
1939    32     2.634
1939    33     2.696
1939    34     2.743
1939    35     2.779
1939    36     2.807
1939    37     2.830
1939    38     2.848
1939    39     2.862
1939    40     2.872
1939    41     2.880
1939    42     2.885
1939    43     2.888
1939    44     2.890
1939    45     2.891
1939    46     2.891
1939    47     2.892
1939    48     2.892
1939    49     2.892
1939    50     2.892
1939    51     2.892
1939    52     2.892
1939    53     2.892
1939    54     2.892
1939    55     2.892
1940    12     0.000
1940    13     0.000
1940    14     0.000
1940    15     0.005
1940    16     0.020
1940    17     0.064
1940    18     0.150
1940    19     0.288
1940    20     0.489
1940    21     0.722
1940    22     0.972
1940    23     1.219
1940    24     1.456
1940    25     1.664
1940    26     1.846
1940    27     2.006
1940    28     2.145
1940    29     2.270
1940    30     2.383
1940    31     2.474
1940    32     2.546
1940    33     2.602
1940    34     2.647
1940    35     2.682
1940    36     2.710
1940    37     2.733
1940    38     2.750
1940    39     2.765
1940    40     2.775
1940    41     2.782
1940    42     2.787
1940    43     2.791
1940    44     2.793
1940    45     2.794
1940    46     2.794
1940    47     2.795
1940    48     2.795
1940    49     2.795
1940    50     2.795
1940    51     2.795
1940    52     2.795
1940    53     2.795
1940    54     2.795
1940    55     2.795
1941    12     0.000
1941    13     0.000
1941    14     0.000
1941    15     0.005
1941    16     0.020
1941    17     0.062
1941    18     0.144
1941    19     0.278
1941    20     0.474
1941    21     0.698
1941    22     0.936
1941    23     1.171
1941    24     1.391
1941    25     1.581
1941    26     1.754
1941    27     1.909
1941    28     2.050
1941    29     2.179
1941    30     2.289
1941    31     2.371
1941    32     2.437
1941    33     2.490
1941    34     2.533
1941    35     2.567
1941    36     2.595
1941    37     2.618
1941    38     2.636
1941    39     2.650
1941    40     2.660
1941    41     2.667
1941    42     2.672
1941    43     2.676
1941    44     2.678
1941    45     2.679
1941    46     2.679
1941    47     2.679
1941    48     2.680
1941    49     2.680
1941    50     2.680
1941    51     2.680
1941    52     2.680
1941    53     2.680
1941    54     2.680
1941    55     2.680
1942    12     0.000
1942    13     0.000
1942    14     0.000
1942    15     0.005
1942    16     0.019
1942    17     0.059
1942    18     0.137
1942    19     0.265
1942    20     0.452
1942    21     0.664
1942    22     0.889
1942    23     1.105
1942    24     1.307
1942    25     1.488
1942    26     1.656
1942    27     1.814
1942    28     1.957
1942    29     2.083
1942    30     2.183
1942    31     2.258
1942    32     2.321
1942    33     2.373
1942    34     2.415
1942    35     2.449
1942    36     2.477
1942    37     2.500
1942    38     2.518
1942    39     2.532
1942    40     2.542
1942    41     2.549
1942    42     2.554
1942    43     2.557
1942    44     2.559
1942    45     2.560
1942    46     2.561
1942    47     2.561
1942    48     2.561
1942    49     2.561
1942    50     2.561
1942    51     2.561
1942    52     2.561
1942    53     2.561
1942    54     2.561
1942    55     2.561
1943    12     0.000
1943    13     0.000
1943    14     0.000
1943    15     0.005
1943    16     0.019
1943    17     0.058
1943    18     0.135
1943    19     0.258
1943    20     0.437
1943    21     0.639
1943    22     0.846
1943    23     1.044
1943    24     1.236
1943    25     1.412
1943    26     1.580
1943    27     1.740
1943    28     1.880
1943    29     1.995
1943    30     2.086
1943    31     2.158
1943    32     2.220
1943    33     2.271
1943    34     2.314
1943    35     2.349
1943    36     2.378
1943    37     2.402
1943    38     2.420
1943    39     2.434
1943    40     2.444
1943    41     2.451
1943    42     2.456
1943    43     2.460
1943    44     2.462
1943    45     2.463
1943    46     2.463
1943    47     2.463
1943    48     2.464
1943    49     2.464
1943    50     2.464
1943    51     2.464
1943    52     2.464
1943    53     2.464
1943    54     2.464
1943    55     2.464
1944    12     0.000
1944    13     0.000
1944    14     0.000
1944    15     0.005
1944    16     0.019
1944    17     0.059
1944    18     0.134
1944    19     0.254
1944    20     0.425
1944    21     0.611
1944    22     0.800
1944    23     0.987
1944    24     1.169
1944    25     1.341
1944    26     1.509
1944    27     1.662
1944    28     1.789
1944    29     1.893
1944    30     1.980
1944    31     2.051
1944    32     2.113
1944    33     2.165
1944    34     2.210
1944    35     2.246
1944    36     2.276
1944    37     2.300
1944    38     2.319
1944    39     2.334
1944    40     2.344
1944    41     2.352
1944    42     2.357
1944    43     2.361
1944    44     2.363
1944    45     2.364
1944    46     2.364
1944    47     2.365
1944    48     2.365
1944    49     2.365
1944    50     2.365
1944    51     2.365
1944    52     2.365
1944    53     2.365
1944    54     2.365
1944    55     2.365
1945    12     0.000
1945    13     0.000
1945    14     0.000
1945    15     0.005
1945    16     0.019
1945    17     0.057
1945    18     0.130
1945    19     0.246
1945    20     0.406
1945    21     0.578
1945    22     0.757
1945    23     0.934
1945    24     1.112
1945    25     1.283
1945    26     1.446
1945    27     1.585
1945    28     1.701
1945    29     1.804
1945    30     1.890
1945    31     1.963
1945    32     2.028
1945    33     2.083
1945    34     2.129
1945    35     2.167
1945    36     2.198
1945    37     2.224
1945    38     2.243
1945    39     2.259
1945    40     2.270
1945    41     2.278
1945    42     2.283
1945    43     2.287
1945    44     2.289
1945    45     2.291
1945    46     2.291
1945    47     2.291
1945    48     2.292
1945    49     2.292
1945    50     2.292
1945    51     2.292
1945    52     2.292
1945    53     2.292
1945    54     2.292
1945    55     2.292
1946    12     0.000
1946    13     0.000
1946    14     0.000
1946    15     0.005
1946    16     0.017
1946    17     0.052
1946    18     0.121
1946    19     0.229
1946    20     0.377
1946    21     0.537
1946    22     0.707
1946    23     0.880
1946    24     1.058
1946    25     1.222
1946    26     1.368
1946    27     1.495
1946    28     1.608
1946    29     1.711
1946    30     1.797
1946    31     1.874
1946    32     1.941
1946    33     1.998
1946    34     2.046
1946    35     2.085
1946    36     2.118
1946    37     2.144
1946    38     2.164
1946    39     2.180
1946    40     2.192
1946    41     2.200
1946    42     2.206
1946    43     2.210
1946    44     2.212
1946    45     2.214
1946    46     2.214
1946    47     2.215
1946    48     2.215
1946    49     2.215
1946    50     2.215
1946    51     2.215
1946    52     2.215
1946    53     2.215
1946    54     2.215
1946    55     2.215
1947    12     0.000
1947    13     0.000
1947    14     0.000
1947    15     0.004
1947    16     0.016
1947    17     0.050
1947    18     0.114
1947    19     0.216
1947    20     0.355
1947    21     0.506
1947    22     0.671
1947    23     0.843
1947    24     1.014
1947    25     1.161
1947    26     1.293
1947    27     1.417
1947    28     1.528
1947    29     1.631
1947    30     1.720
1947    31     1.798
1947    32     1.866
1947    33     1.925
1947    34     1.974
1947    35     2.015
1947    36     2.049
1947    37     2.076
1947    38     2.097
1947    39     2.114
1947    40     2.126
1947    41     2.135
1947    42     2.141
1947    43     2.145
1947    44     2.148
1947    45     2.149
1947    46     2.150
1947    47     2.150
1947    48     2.150
1947    49     2.150
1947    50     2.150
1947    51     2.150
1947    52     2.150
1947    53     2.150
1947    54     2.150
1947    55     2.150
1948    12     0.000
1948    13     0.000
1948    14     0.000
1948    15     0.004
1948    16     0.017
1948    17     0.050
1948    18     0.113
1948    19     0.212
1948    20     0.345
1948    21     0.492
1948    22     0.656
1948    23     0.820
1948    24     0.972
1948    25     1.104
1948    26     1.231
1948    27     1.351
1948    28     1.461
1948    29     1.566
1948    30     1.656
1948    31     1.736
1948    32     1.807
1948    33     1.868
1948    34     1.919
1948    35     1.961
1948    36     1.996
1948    37     2.024
1948    38     2.047
1948    39     2.065
1948    40     2.078
1948    41     2.087
1948    42     2.094
1948    43     2.099
1948    44     2.101
1948    45     2.103
1948    46     2.103
1948    47     2.104
1948    48     2.104
1948    49     2.104
1948    50     2.104
1948    51     2.104
1948    52     2.104
1948    53     2.104
1948    54     2.104
1948    55     2.104
1949    12     0.000
1949    13     0.000
1949    14     0.000
1949    15     0.004
1949    16     0.017
1949    17     0.050
1949    18     0.112
1949    19     0.208
1949    20     0.338
1949    21     0.484
1949    22     0.638
1949    23     0.783
1949    24     0.917
1949    25     1.042
1949    26     1.166
1949    27     1.283
1949    28     1.393
1949    29     1.500
1949    30     1.591
1949    31     1.674
1949    32     1.746
1949    33     1.808
1949    34     1.861
1949    35     1.905
1949    36     1.941
1949    37     1.972
1949    38     1.995
1949    39     2.015
1949    40     2.029
1949    41     2.039
1949    42     2.047
1949    43     2.051
1949    44     2.054
1949    45     2.056
1949    46     2.056
1949    47     2.057
1949    48     2.057
1949    49     2.057
1949    50     2.057
1949    51     2.057
1949    52     2.057
1949    53     2.057
1949    54     2.057
1949    55     2.057
1950    12     0.000
1950    13     0.000
1950    14     0.000
1950    15     0.004
1950    16     0.017
1950    17     0.050
1950    18     0.111
1950    19     0.206
1950    20     0.335
1950    21     0.474
1950    22     0.610
1950    23     0.738
1950    24     0.865
1950    25     0.986
1950    26     1.106
1950    27     1.225
1950    28     1.336
1950    29     1.444
1950    30     1.537
1950    31     1.621
1950    32     1.696
1950    33     1.759
1950    34     1.814
1950    35     1.860
1950    36     1.899
1950    37     1.931
1950    38     1.956
1950    39     1.977
1950    40     1.992
1950    41     2.003
1950    42     2.011
1950    43     2.016
1950    44     2.019
1950    45     2.021
1950    46     2.021
1950    47     2.022
1950    48     2.022
1950    49     2.022
1950    50     2.022
1950    51     2.022
1950    52     2.022
1950    53     2.022
1950    54     2.022
1950    55     2.022
1951    12     0.000
1951    13     0.000
1951    14     0.000
1951    15     0.004
1951    16     0.017
1951    17     0.050
1951    18     0.111
1951    19     0.207
1951    20     0.331
1951    21     0.454
1951    22     0.575
1951    23     0.697
1951    24     0.820
1951    25     0.939
1951    26     1.059
1951    27     1.178
1951    28     1.290
1951    29     1.401
1951    30     1.495
1951    31     1.581
1951    32     1.656
1951    33     1.722
1951    34     1.779
1951    35     1.826
1951    36     1.867
1951    37     1.901
1951    38     1.928
1951    39     1.951
1951    40     1.966
1951    41     1.978
1951    42     1.986
1951    43     1.991
1951    44     1.994
1951    45     1.996
1951    46     1.997
1951    47     1.997
1951    48     1.997
1951    49     1.998
1951    50     1.998
1951    51     1.998
1951    52     1.998
1951    53     1.998
1951    54     1.998
1951    55     1.998
1952    12     0.000
1952    13     0.000
1952    14     0.000
1952    15     0.004
1952    16     0.018
1952    17     0.051
1952    18     0.114
1952    19     0.209
1952    20     0.320
1952    21     0.431
1952    22     0.547
1952    23     0.665
1952    24     0.784
1952    25     0.903
1952    26     1.024
1952    27     1.142
1952    28     1.256
1952    29     1.367
1952    30     1.462
1952    31     1.548
1952    32     1.625
1952    33     1.693
1952    34     1.752
1952    35     1.801
1952    36     1.844
1952    37     1.880
1952    38     1.909
1952    39     1.932
1952    40     1.949
1952    41     1.961
1952    42     1.969
1952    43     1.974
1952    44     1.978
1952    45     1.979
1952    46     1.980
1952    47     1.981
1952    48     1.981
1952    49     1.981
1952    50     1.981
1952    51     1.981
1952    52     1.981
1952    53     1.981
1952    54     1.981
1952    55     1.982
1953    12     0.000
1953    13     0.000
1953    14     0.000
1953    15     0.004
1953    16     0.018
1953    17     0.053
1953    18     0.117
1953    19     0.207
1953    20     0.309
1953    21     0.415
1953    22     0.527
1953    23     0.641
1953    24     0.760
1953    25     0.879
1953    26     0.999
1953    27     1.118
1953    28     1.231
1953    29     1.342
1953    30     1.437
1953    31     1.524
1953    32     1.602
1953    33     1.672
1953    34     1.732
1953    35     1.784
1953    36     1.828
1953    37     1.866
1953    38     1.897
1953    39     1.921
1953    40     1.938
1953    41     1.950
1953    42     1.959
1953    43     1.964
1953    44     1.967
1953    45     1.969
1953    46     1.970
1953    47     1.971
1953    48     1.971
1953    49     1.971
1953    50     1.971
1953    51     1.972
1953    52     1.972
1953    53     1.972
1953    54     1.972
1953    55     1.972
1954    12     0.000
1954    13     0.000
1954    14     0.001
1954    15     0.005
1954    16     0.019
1954    17     0.056
1954    18     0.120
1954    19     0.205
1954    20     0.303
1954    21     0.406
1954    22     0.514
1954    23     0.628
1954    24     0.747
1954    25     0.866
1954    26     0.987
1954    27     1.107
1954    28     1.219
1954    29     1.329
1954    30     1.423
1954    31     1.512
1954    32     1.592
1954    33     1.663
1954    34     1.726
1954    35     1.780
1954    36     1.827
1954    37     1.866
1954    38     1.897
1954    39     1.921
1954    40     1.939
1954    41     1.952
1954    42     1.961
1954    43     1.966
1954    44     1.970
1954    45     1.972
1954    46     1.973
1954    47     1.973
1954    48     1.974
1954    49     1.974
1954    50     1.974
1954    51     1.974
1954    52     1.974
1954    53     1.974
1954    54     1.974
1954    55     1.974
1955    12     0.000
1955    13     0.000
1955    14     0.001
1955    15     0.005
1955    16     0.021
1955    17     0.058
1955    18     0.121
1955    19     0.203
1955    20     0.297
1955    21     0.397
1955    22     0.505
1955    23     0.619
1955    24     0.738
1955    25     0.859
1955    26     0.980
1955    27     1.098
1955    28     1.209
1955    29     1.319
1955    30     1.415
1955    31     1.505
1955    32     1.587
1955    33     1.661
1955    34     1.726
1955    35     1.782
1955    36     1.830
1955    37     1.870
1955    38     1.901
1955    39     1.926
1955    40     1.944
1955    41     1.957
1955    42     1.966
1955    43     1.973
1955    44     1.976
1955    45     1.978
1955    46     1.979
1955    47     1.980
1955    48     1.980
1955    49     1.980
1955    50     1.980
1955    51     1.981
1955    52     1.981
1955    53     1.981
1955    54     1.981
1955    55     1.981
1956    12     0.000
1956    13     0.000
1956    14     0.001
1956    15     0.006
1956    16     0.022
1956    17     0.059
1956    18     0.120
1956    19     0.200
1956    20     0.290
1956    21     0.389
1956    22     0.497
1956    23     0.611
1956    24     0.732
1956    25     0.853
1956    26     0.972
1956    27     1.088
1956    28     1.199
1956    29     1.310
1956    30     1.407
1956    31     1.498
1956    32     1.582
1956    33     1.658
1956    34     1.726
1956    35     1.783
1956    36     1.831
1956    37     1.871
1956    38     1.903
1956    39     1.929
1956    40     1.947
1956    41     1.961
1956    42     1.970
1956    43     1.977
1956    44     1.980
1956    45     1.983
1956    46     1.984
1956    47     1.984
1956    48     1.985
1956    49     1.985
1956    50     1.985
1956    51     1.985
1956    52     1.985
1956    53     1.985
1956    54     1.985
1956    55     1.985
1957    12     0.000
1957    13     0.000
1957    14     0.001
1957    15     0.006
1957    16     0.022
1957    17     0.059
1957    18     0.118
1957    19     0.193
1957    20     0.281
1957    21     0.379
1957    22     0.487
1957    23     0.604
1957    24     0.723
1957    25     0.842
1957    26     0.959
1957    27     1.074
1957    28     1.185
1957    29     1.297
1957    30     1.395
1957    31     1.489
1957    32     1.576
1957    33     1.655
1957    34     1.724
1957    35     1.781
1957    36     1.830
1957    37     1.870
1957    38     1.903
1957    39     1.929
1957    40     1.948
1957    41     1.962
1957    42     1.972
1957    43     1.978
1957    44     1.982
1957    45     1.984
1957    46     1.986
1957    47     1.986
1957    48     1.987
1957    49     1.987
1957    50     1.987
1957    51     1.987
1957    52     1.987
1957    53     1.987
1957    54     1.987
1957    55     1.987
1958    12     0.000
1958    13     0.000
1958    14     0.001
1958    15     0.006
1958    16     0.022
1958    17     0.058
1958    18     0.113
1958    19     0.186
1958    20     0.274
1958    21     0.372
1958    22     0.482
1958    23     0.598
1958    24     0.715
1958    25     0.831
1958    26     0.946
1958    27     1.061
1958    28     1.173
1958    29     1.286
1958    30     1.386
1958    31     1.482
1958    32     1.573
1958    33     1.653
1958    34     1.722
1958    35     1.780
1958    36     1.829
1958    37     1.870
1958    38     1.904
1958    39     1.930
1958    40     1.950
1958    41     1.965
1958    42     1.975
1958    43     1.982
1958    44     1.986
1958    45     1.988
1958    46     1.989
1958    47     1.990
1958    48     1.990
1958    49     1.991
1958    50     1.991
1958    51     1.991
1958    52     1.991
1958    53     1.991
1958    54     1.991
1958    55     1.991
1959    12     0.000
1959    13     0.000
1959    14     0.001
1959    15     0.006
1959    16     0.022
1959    17     0.057
1959    18     0.110
1959    19     0.183
1959    20     0.272
1959    21     0.373
1959    22     0.484
1959    23     0.599
1959    24     0.716
1959    25     0.830
1959    26     0.946
1959    27     1.062
1959    28     1.174
1959    29     1.291
1959    30     1.394
1959    31     1.494
1959    32     1.586
1959    33     1.666
1959    34     1.735
1959    35     1.794
1959    36     1.845
1959    37     1.887
1959    38     1.921
1959    39     1.949
1959    40     1.970
1959    41     1.985
1959    42     1.996
1959    43     2.003
1959    44     2.007
1959    45     2.009
1959    46     2.011
1959    47     2.011
1959    48     2.012
1959    49     2.012
1959    50     2.012
1959    51     2.012
1959    52     2.012
1959    53     2.012
1959    54     2.012
1959    55     2.012
1960    12     0.000
1960    13     0.000
1960    14     0.001
1960    15     0.006
1960    16     0.021
1960    17     0.055
1960    18     0.107
1960    19     0.180
1960    20     0.270
1960    21     0.372
1960    22     0.481
1960    23     0.594
1960    24     0.708
1960    25     0.823
1960    26     0.939
1960    27     1.055
1960    28     1.170
1960    29     1.289
1960    30     1.396
1960    31     1.497
1960    32     1.589
1960    33     1.669
1960    34     1.740
1960    35     1.800
1960    36     1.851
1960    37     1.894
1960    38     1.930
1960    39     1.958
1960    40     1.980
1960    41     1.996
1960    42     2.007
1960    43     2.014
1960    44     2.019
1960    45     2.021
1960    46     2.023
1960    47     2.023
1960    48     2.024
1960    49     2.024
1960    50     2.024
1960    51     2.024
1960    52     2.024
1960    53     2.024
1960    54     2.024
1960    55     2.024
1961    12     0.000
1961    13     0.000
1961    14     0.001
1961    15     0.006
1961    16     0.021
1961    17     0.053
1961    18     0.104
1961    19     0.177
1961    20     0.266
1961    21     0.365
1961    22     0.472
1961    23     0.582
1961    24     0.696
1961    25     0.809
1961    26     0.925
1961    27     1.042
1961    28     1.160
1961    29     1.281
1961    30     1.389
1961    31     1.488
1961    32     1.580
1961    33     1.660
1961    34     1.731
1961    35     1.793
1961    36     1.845
1961    37     1.889
1961    38     1.925
1961    39     1.955
1961    40     1.977
1961    41     1.994
1961    42     2.006
1961    43     2.013
1961    44     2.018
1961    45     2.020
1961    46     2.022
1961    47     2.022
1961    48     2.023
1961    49     2.023
1961    50     2.023
1961    51     2.023
1961    52     2.023
1961    53     2.024
1961    54     2.024
1961    55     2.024
1962    12     0.000
1962    13     0.000
1962    14     0.001
1962    15     0.006
1962    16     0.020
1962    17     0.051
1962    18     0.102
1962    19     0.175
1962    20     0.262
1962    21     0.359
1962    22     0.463
1962    23     0.573
1962    24     0.686
1962    25     0.799
1962    26     0.916
1962    27     1.037
1962    28     1.158
1962    29     1.280
1962    30     1.386
1962    31     1.485
1962    32     1.577
1962    33     1.659
1962    34     1.731
1962    35     1.794
1962    36     1.848
1962    37     1.894
1962    38     1.931
1962    39     1.962
1962    40     1.985
1962    41     2.003
1962    42     2.015
1962    43     2.023
1962    44     2.027
1962    45     2.030
1962    46     2.032
1962    47     2.032
1962    48     2.033
1962    49     2.033
1962    50     2.033
1962    51     2.033
1962    52     2.033
1962    53     2.034
1962    54     2.034
1962    55     2.034
1963    12     0.000
1963    13     0.000
1963    14     0.001
1963    15     0.006
1963    16     0.020
1963    17     0.051
1963    18     0.101
1963    19     0.173
1963    20     0.258
1963    21     0.353
1963    22     0.457
1963    23     0.567
1963    24     0.681
1963    25     0.795
1963    26     0.916
1963    27     1.040
1963    28     1.161
1963    29     1.281
1963    30     1.387
1963    31     1.487
1963    32     1.581
1963    33     1.664
1963    34     1.738
1963    35     1.803
1963    36     1.859
1963    37     1.907
1963    38     1.946
1963    39     1.977
1963    40     2.002
1963    41     2.020
1963    42     2.032
1963    43     2.040
1963    44     2.045
1963    45     2.048
1963    46     2.049
1963    47     2.050
1963    48     2.051
1963    49     2.051
1963    50     2.051
1963    51     2.051
1963    52     2.051
1963    53     2.051
1963    54     2.051
1963    55     2.051
1964    12     0.000
1964    13     0.000
1964    14     0.001
1964    15     0.005
1964    16     0.020
1964    17     0.050
1964    18     0.101
1964    19     0.172
1964    20     0.256
1964    21     0.351
1964    22     0.456
1964    23     0.566
1964    24     0.681
1964    25     0.799
1964    26     0.922
1964    27     1.045
1964    28     1.164
1964    29     1.283
1964    30     1.389
1964    31     1.488
1964    32     1.583
1964    33     1.667
1964    34     1.743
1964    35     1.810
1964    36     1.868
1964    37     1.918
1964    38     1.958
1964    39     1.990
1964    40     2.016
1964    41     2.034
1964    42     2.047
1964    43     2.055
1964    44     2.060
1964    45     2.063
1964    46     2.064
1964    47     2.065
1964    48     2.066
1964    49     2.066
1964    50     2.066
1964    51     2.066
1964    52     2.066
1964    53     2.066
1964    54     2.066
1964    55     2.066
1965    12     0.000
1965    13     0.000
1965    14     0.001
1965    15     0.006
1965    16     0.020
1965    17     0.050
1965    18     0.100
1965    19     0.170
1965    20     0.256
1965    21     0.352
1965    22     0.456
1965    23     0.568
1965    24     0.685
1965    25     0.805
1965    26     0.928
1965    27     1.047
1965    28     1.163
1965    29     1.279
1965    30     1.384
1965    31     1.483
1965    32     1.578
1965    33     1.663
1965    34     1.741
1965    35     1.810
1965    36     1.871
1965    37     1.922
1965    38     1.963
1965    39     1.997
1965    40     2.023
1965    41     2.042
1965    42     2.055
1965    43     2.063
1965    44     2.068
1965    45     2.071
1965    46     2.073
1965    47     2.074
1965    48     2.074
1965    49     2.074
1965    50     2.074
1965    51     2.075
1965    52     2.075
1965    53     2.075
1965    54     2.075
1965    55     2.075
1966    12     0.000
1966    13     0.000
1966    14     0.001
1966    15     0.005
1966    16     0.019
1966    17     0.050
1966    18     0.099
1966    19     0.170
1966    20     0.256
1966    21     0.353
1966    22     0.458
1966    23     0.572
1966    24     0.693
1966    25     0.812
1966    26     0.931
1966    27     1.048
1966    28     1.161
1966    29     1.275
1966    30     1.380
1966    31     1.479
1966    32     1.575
1966    33     1.663
1966    34     1.743
1966    35     1.815
1966    36     1.877
1966    37     1.930
1966    38     1.974
1966    39     2.009
1966    40     2.036
1966    41     2.055
1966    42     2.069
1966    43     2.077
1966    44     2.082
1966    45     2.085
1966    46     2.087
1966    47     2.088
1966    48     2.088
1966    49     2.089
1966    50     2.089
1966    51     2.089
1966    52     2.089
1966    53     2.089
1966    54     2.089
1966    55     2.089
1967    12     0.000
1967    13     0.000
1967    14     0.001
1967    15     0.006
1967    16     0.019
1967    17     0.050
1967    18     0.099
1967    19     0.171
1967    20     0.257
1967    21     0.355
1967    22     0.463
1967    23     0.582
1967    24     0.703
1967    25     0.820
1967    26     0.935
1967    27     1.050
1967    28     1.161
1967    29     1.273
1967    30     1.379
1967    31     1.480
1967    32     1.578
1967    33     1.669
1967    34     1.751
1967    35     1.825
1967    36     1.890
1967    37     1.946
1967    38     1.991
1967    39     2.027
1967    40     2.054
1967    41     2.074
1967    42     2.088
1967    43     2.097
1967    44     2.102
1967    45     2.105
1967    46     2.107
1967    47     2.108
1967    48     2.108
1967    49     2.109
1967    50     2.109
1967    51     2.109
1967    52     2.109
1967    53     2.109
1967    54     2.109
1967    55     2.109
1968    12     0.000
1968    13     0.000
1968    14     0.001
1968    15     0.005
1968    16     0.019
1968    17     0.049
1968    18     0.098
1968    19     0.169
1968    20     0.256
1968    21     0.356
1968    22     0.468
1968    23     0.587
1968    24     0.704
1968    25     0.818
1968    26     0.929
1968    27     1.040
1968    28     1.149
1968    29     1.260
1968    30     1.368
1968    31     1.470
1968    32     1.570
1968    33     1.663
1968    34     1.746
1968    35     1.822
1968    36     1.889
1968    37     1.946
1968    38     1.991
1968    39     2.027
1968    40     2.055
1968    41     2.076
1968    42     2.089
1968    43     2.098
1968    44     2.103
1968    45     2.107
1968    46     2.108
1968    47     2.109
1968    48     2.110
1968    49     2.110
1968    50     2.110
1968    51     2.111
1968    52     2.111
1968    53     2.111
1968    54     2.111
1968    55     2.111
1969    12     0.000
1969    13     0.000
1969    14     0.001
1969    15     0.005
1969    16     0.019
1969    17     0.049
1969    18     0.097
1969    19     0.168
1969    20     0.258
1969    21     0.362
1969    22     0.475
1969    23     0.591
1969    24     0.705
1969    25     0.814
1969    26     0.923
1969    27     1.032
1969    28     1.140
1969    29     1.251
1969    30     1.360
1969    31     1.465
1969    32     1.567
1969    33     1.660
1969    34     1.745
1969    35     1.823
1969    36     1.891
1969    37     1.948
1969    38     1.995
1969    39     2.031
1969    40     2.059
1969    41     2.079
1969    42     2.092
1969    43     2.101
1969    44     2.107
1969    45     2.110
1969    46     2.112
1969    47     2.113
1969    48     2.113
1969    49     2.114
1969    50     2.114
1969    51     2.114
1969    52     2.114
1969    53     2.114
1969    54     2.114
1969    55         .
1970    12     0.000
1970    13     0.000
1970    14     0.001
1970    15     0.006
1970    16     0.019
1970    17     0.049
1970    18     0.100
1970    19     0.174
1970    20     0.269
1970    21     0.376
1970    22     0.489
1970    23     0.604
1970    24     0.715
1970    25     0.823
1970    26     0.930
1970    27     1.040
1970    28     1.149
1970    29     1.261
1970    30     1.372
1970    31     1.480
1970    32     1.582
1970    33     1.678
1970    34     1.766
1970    35     1.844
1970    36     1.913
1970    37     1.971
1970    38     2.017
1970    39     2.053
1970    40     2.081
1970    41     2.101
1970    42     2.114
1970    43     2.123
1970    44     2.129
1970    45     2.132
1970    46     2.134
1970    47     2.135
1970    48     2.136
1970    49     2.136
1970    50     2.136
1970    51     2.136
1970    52     2.137
1970    53     2.137
1970    54         .
1970    55         .
1971    12     0.000
1971    13     0.000
1971    14     0.001
1971    15     0.006
1971    16     0.020
1971    17     0.051
1971    18     0.104
1971    19     0.184
1971    20     0.283
1971    21     0.391
1971    22     0.504
1971    23     0.617
1971    24     0.727
1971    25     0.834
1971    26     0.942
1971    27     1.052
1971    28     1.163
1971    29     1.276
1971    30     1.389
1971    31     1.497
1971    32     1.602
1971    33     1.700
1971    34     1.788
1971    35     1.867
1971    36     1.936
1971    37     1.994
1971    38     2.040
1971    39     2.076
1971    40     2.103
1971    41     2.124
1971    42     2.138
1971    43     2.147
1971    44     2.153
1971    45     2.156
1971    46     2.158
1971    47     2.159
1971    48     2.160
1971    49     2.160
1971    50     2.160
1971    51     2.160
1971    52     2.161
1971    53         .
1971    54         .
1971    55         .
1972    12     0.000
1972    13     0.000
1972    14     0.001
1972    15     0.006
1972    16     0.021
1972    17     0.055
1972    18     0.111
1972    19     0.196
1972    20     0.296
1972    21     0.404
1972    22     0.515
1972    23     0.626
1972    24     0.736
1972    25     0.844
1972    26     0.953
1972    27     1.065
1972    28     1.178
1972    29     1.292
1972    30     1.405
1972    31     1.515
1972    32     1.622
1972    33     1.720
1972    34     1.808
1972    35     1.888
1972    36     1.958
1972    37     2.015
1972    38     2.060
1972    39     2.096
1972    40     2.124
1972    41     2.145
1972    42     2.159
1972    43     2.169
1972    44     2.175
1972    45     2.178
1972    46     2.180
1972    47     2.181
1972    48     2.182
1972    49     2.182
1972    50     2.182
1972    51     2.183
1972    52         .
1972    53         .
1972    54         .
1972    55         .
1973    12     0.000
1973    13     0.000
1973    14     0.001
1973    15     0.007
1973    16     0.023
1973    17     0.058
1973    18     0.118
1973    19     0.203
1973    20     0.303
1973    21     0.409
1973    22     0.517
1973    23     0.628
1973    24     0.739
1973    25     0.849
1973    26     0.959
1973    27     1.073
1973    28     1.188
1973    29     1.302
1973    30     1.418
1973    31     1.530
1973    32     1.638
1973    33     1.737
1973    34     1.827
1973    35     1.908
1973    36     1.976
1973    37     2.033
1973    38     2.078
1973    39     2.115
1973    40     2.144
1973    41     2.165
1973    42     2.180
1973    43     2.190
1973    44     2.196
1973    45     2.199
1973    46     2.201
1973    47     2.202
1973    48     2.203
1973    49     2.203
1973    50     2.203
1973    51         .
1973    52         .
1973    53         .
1973    54         .
1973    55         .
1974    12     0.000
1974    13     0.000
1974    14     0.001
1974    15     0.007
1974    16     0.024
1974    17     0.061
1974    18     0.120
1974    19     0.204
1974    20     0.302
1974    21     0.406
1974    22     0.513
1974    23     0.624
1974    24     0.735
1974    25     0.847
1974    26     0.959
1974    27     1.074
1974    28     1.188
1974    29     1.305
1974    30     1.423
1974    31     1.536
1974    32     1.646
1974    33     1.747
1974    34     1.837
1974    35     1.917
1974    36     1.985
1974    37     2.042
1974    38     2.089
1974    39     2.126
1974    40     2.155
1974    41     2.177
1974    42     2.193
1974    43     2.203
1974    44     2.209
1974    45     2.212
1974    46     2.214
1974    47     2.215
1974    48     2.216
1974    49     2.216
1974    50         .
1974    51         .
1974    52         .
1974    53         .
1974    54         .
1974    55         .
1975    12     0.000
1975    13     0.000
1975    14     0.001
1975    15     0.007
1975    16     0.025
1975    17     0.062
1975    18     0.120
1975    19     0.203
1975    20     0.299
1975    21     0.402
1975    22     0.508
1975    23     0.619
1975    24     0.731
1975    25     0.843
1975    26     0.957
1975    27     1.071
1975    28     1.187
1975    29     1.305
1975    30     1.424
1975    31     1.538
1975    32     1.650
1975    33     1.750
1975    34     1.839
1975    35     1.918
1975    36     1.987
1975    37     2.044
1975    38     2.092
1975    39     2.130
1975    40     2.160
1975    41     2.183
1975    42     2.198
1975    43     2.208
1975    44     2.215
1975    45     2.218
1975    46     2.220
1975    47     2.221
1975    48     2.222
1975    49         .
1975    50         .
1975    51         .
1975    52         .
1975    53         .
1975    54         .
1975    55         .
1976    12     0.000
1976    13     0.000
1976    14     0.001
1976    15     0.007
1976    16     0.025
1976    17     0.061
1976    18     0.120
1976    19     0.201
1976    20     0.295
1976    21     0.396
1976    22     0.502
1976    23     0.613
1976    24     0.726
1976    25     0.839
1976    26     0.952
1976    27     1.068
1976    28     1.185
1976    29     1.305
1976    30     1.425
1976    31     1.542
1976    32     1.653
1976    33     1.753
1976    34     1.841
1976    35     1.920
1976    36     1.990
1976    37     2.049
1976    38     2.097
1976    39     2.137
1976    40     2.167
1976    41     2.190
1976    42     2.206
1976    43     2.216
1976    44     2.222
1976    45     2.226
1976    46     2.228
1976    47     2.229
1976    48         .
1976    49         .
1976    50         .
1976    51         .
1976    52         .
1976    53         .
1976    54         .
1976    55         .
1977    12     0.000
1977    13     0.000
1977    14     0.001
1977    15     0.007
1977    16     0.025
1977    17     0.061
1977    18     0.119
1977    19     0.196
1977    20     0.289
1977    21     0.389
1977    22     0.495
1977    23     0.607
1977    24     0.719
1977    25     0.831
1977    26     0.945
1977    27     1.062
1977    28     1.180
1977    29     1.300
1977    30     1.423
1977    31     1.540
1977    32     1.650
1977    33     1.748
1977    34     1.838
1977    35     1.918
1977    36     1.989
1977    37     2.049
1977    38     2.099
1977    39     2.140
1977    40     2.171
1977    41     2.194
1977    42     2.210
1977    43     2.220
1977    44     2.226
1977    45     2.230
1977    46     2.232
1977    47         .
1977    48         .
1977    49         .
1977    50         .
1977    51         .
1977    52         .
1977    53         .
1977    54         .
1977    55         .
1978    12     0.000
1978    13     0.000
1978    14     0.001
1978    15     0.007
1978    16     0.025
1978    17     0.060
1978    18     0.115
1978    19     0.189
1978    20     0.280
1978    21     0.380
1978    22     0.486
1978    23     0.596
1978    24     0.705
1978    25     0.815
1978    26     0.927
1978    27     1.043
1978    28     1.161
1978    29     1.282
1978    30     1.403
1978    31     1.516
1978    32     1.623
1978    33     1.720
1978    34     1.810
1978    35     1.890
1978    36     1.963
1978    37     2.025
1978    38     2.075
1978    39     2.116
1978    40     2.147
1978    41     2.170
1978    42     2.186
1978    43     2.196
1978    44     2.203
1978    45     2.206
1978    46         .
1978    47         .
1978    48         .
1978    49         .
1978    50         .
1978    51         .
1978    52         .
1978    53         .
1978    54         .
1978    55         .
1979    12     0.000
1979    13     0.000
1979    14     0.001
1979    15     0.007
1979    16     0.024
1979    17     0.057
1979    18     0.110
1979    19     0.182
1979    20     0.273
1979    21     0.372
1979    22     0.476
1979    23     0.583
1979    24     0.689
1979    25     0.798
1979    26     0.909
1979    27     1.025
1979    28     1.143
1979    29     1.261
1979    30     1.379
1979    31     1.488
1979    32     1.593
1979    33     1.691
1979    34     1.780
1979    35     1.862
1979    36     1.936
1979    37     1.998
1979    38     2.049
1979    39     2.089
1979    40     2.120
1979    41     2.143
1979    42     2.158
1979    43     2.169
1979    44     2.175
1979    45         .
1979    46         .
1979    47         .
1979    48         .
1979    49         .
1979    50         .
1979    51         .
1979    52         .
1979    53         .
1979    54         .
1979    55         .
1980    12     0.000
1980    13     0.000
1980    14     0.001
1980    15     0.007
1980    16     0.023
1980    17     0.054
1980    18     0.104
1980    19     0.174
1980    20     0.263
1980    21     0.362
1980    22     0.462
1980    23     0.567
1980    24     0.672
1980    25     0.780
1980    26     0.892
1980    27     1.009
1980    28     1.124
1980    29     1.240
1980    30     1.354
1980    31     1.462
1980    32     1.568
1980    33     1.666
1980    34     1.758
1980    35     1.842
1980    36     1.916
1980    37     1.979
1980    38     2.030
1980    39     2.070
1980    40     2.101
1980    41     2.124
1980    42     2.140
1980    43     2.151
1980    44         .
1980    45         .
1980    46         .
1980    47         .
1980    48         .
1980    49         .
1980    50         .
1980    51         .
1980    52         .
1980    53         .
1980    54         .
1980    55         .
1981    12     0.000
1981    13     0.000
1981    14     0.001
1981    15     0.006
1981    16     0.021
1981    17     0.050
1981    18     0.097
1981    19     0.165
1981    20     0.253
1981    21     0.348
1981    22     0.447
1981    23     0.551
1981    24     0.656
1981    25     0.766
1981    26     0.880
1981    27     0.995
1981    28     1.108
1981    29     1.220
1981    30     1.332
1981    31     1.442
1981    32     1.549
1981    33     1.651
1981    34     1.745
1981    35     1.830
1981    36     1.906
1981    37     1.969
1981    38     2.020
1981    39     2.060
1981    40     2.091
1981    41     2.115
1981    42     2.131
1981    43         .
1981    44         .
1981    45         .
1981    46         .
1981    47         .
1981    48         .
1981    49         .
1981    50         .
1981    51         .
1981    52         .
1981    53         .
1981    54         .
1981    55         .
1982    12     0.000
1982    13     0.000
1982    14     0.001
1982    15     0.006
1982    16     0.019
1982    17     0.046
1982    18     0.091
1982    19     0.157
1982    20     0.242
1982    21     0.337
1982    22     0.435
1982    23     0.540
1982    24     0.648
1982    25     0.761
1982    26     0.874
1982    27     0.987
1982    28     1.097
1982    29     1.208
1982    30     1.321
1982    31     1.432
1982    32     1.541
1982    33     1.645
1982    34     1.741
1982    35     1.828
1982    36     1.903
1982    37     1.967
1982    38     2.018
1982    39     2.059
1982    40     2.092
1982    41     2.116
1982    42         .
1982    43         .
1982    44         .
1982    45         .
1982    46         .
1982    47         .
1982    48         .
1982    49         .
1982    50         .
1982    51         .
1982    52         .
1982    53         .
1982    54         .
1982    55         .
1983    12     0.000
1983    13     0.000
1983    14     0.001
1983    15     0.005
1983    16     0.017
1983    17     0.043
1983    18     0.086
1983    19     0.147
1983    20     0.230
1983    21     0.323
1983    22     0.421
1983    23     0.528
1983    24     0.639
1983    25     0.750
1983    26     0.859
1983    27     0.968
1983    28     1.076
1983    29     1.187
1983    30     1.300
1983    31     1.412
1983    32     1.523
1983    33     1.628
1983    34     1.724
1983    35     1.810
1983    36     1.886
1983    37     1.949
1983    38     2.000
1983    39     2.042
1983    40     2.075
1983    41         .
1983    42         .
1983    43         .
1983    44         .
1983    45         .
1983    46         .
1983    47         .
1983    48         .
1983    49         .
1983    50         .
1983    51         .
1983    52         .
1983    53         .
1983    54         .
1983    55         .
1984    12     0.000
1984    13     0.000
1984    14     0.001
1984    15     0.005
1984    16     0.016
1984    17     0.040
1984    18     0.080
1984    19     0.139
1984    20     0.220
1984    21     0.312
1984    22     0.411
1984    23     0.518
1984    24     0.626
1984    25     0.733
1984    26     0.837
1984    27     0.942
1984    28     1.049
1984    29     1.160
1984    30     1.273
1984    31     1.386
1984    32     1.497
1984    33     1.601
1984    34     1.696
1984    35     1.781
1984    36     1.856
1984    37     1.920
1984    38     1.973
1984    39     2.016
1984    40         .
1984    41         .
1984    42         .
1984    43         .
1984    44         .
1984    45         .
1984    46         .
1984    47         .
1984    48         .
1984    49         .
1984    50         .
1984    51         .
1984    52         .
1984    53         .
1984    54         .
1984    55         .
1985    12     0.000
1985    13     0.000
1985    14     0.001
1985    15     0.004
1985    16     0.015
1985    17     0.037
1985    18     0.075
1985    19     0.133
1985    20     0.213
1985    21     0.306
1985    22     0.407
1985    23     0.512
1985    24     0.615
1985    25     0.716
1985    26     0.817
1985    27     0.920
1985    28     1.027
1985    29     1.138
1985    30     1.251
1985    31     1.364
1985    32     1.474
1985    33     1.576
1985    34     1.671
1985    35     1.755
1985    36     1.830
1985    37     1.896
1985    38     1.949
1985    39         .
1985    40         .
1985    41         .
1985    42         .
1985    43         .
1985    44         .
1985    45         .
1985    46         .
1985    47         .
1985    48         .
1985    49         .
1985    50         .
1985    51         .
1985    52         .
1985    53         .
1985    54         .
1985    55         .
1986    12     0.000
1986    13     0.000
1986    14     0.001
1986    15     0.004
1986    16     0.014
1986    17     0.035
1986    18     0.071
1986    19     0.129
1986    20     0.210
1986    21     0.306
1986    22     0.405
1986    23     0.505
1986    24     0.603
1986    25     0.699
1986    26     0.798
1986    27     0.900
1986    28     1.007
1986    29     1.118
1986    30     1.231
1986    31     1.343
1986    32     1.451
1986    33     1.552
1986    34     1.645
1986    35     1.729
1986    36     1.807
1986    37     1.872
1986    38         .
1986    39         .
1986    40         .
1986    41         .
1986    42         .
1986    43         .
1986    44         .
1986    45         .
1986    46         .
1986    47         .
1986    48         .
1986    49         .
1986    50         .
1986    51         .
1986    52         .
1986    53         .
1986    54         .
1986    55         .
1987    12     0.000
1987    13     0.000
1987    14     0.001
1987    15     0.004
1987    16     0.013
1987    17     0.033
1987    18     0.070
1987    19     0.128
1987    20     0.211
1987    21     0.306
1987    22     0.400
1987    23     0.495
1987    24     0.587
1987    25     0.682
1987    26     0.779
1987    27     0.881
1987    28     0.987
1987    29     1.097
1987    30     1.208
1987    31     1.316
1987    32     1.423
1987    33     1.522
1987    34     1.615
1987    35     1.702
1987    36     1.779
1987    37         .
1987    38         .
1987    39         .
1987    40         .
1987    41         .
1987    42         .
1987    43         .
1987    44         .
1987    45         .
1987    46         .
1987    47         .
1987    48         .
1987    49         .
1987    50         .
1987    51         .
1987    52         .
1987    53         .
1987    54         .
1987    55         .
1988    12     0.000
1988    13     0.000
1988    14     0.001
1988    15     0.004
1988    16     0.013
1988    17     0.033
1988    18     0.069
1988    19     0.128
1988    20     0.211
1988    21     0.301
1988    22     0.389
1988    23     0.478
1988    24     0.567
1988    25     0.659
1988    26     0.755
1988    27     0.856
1988    28     0.960
1988    29     1.066
1988    30     1.173
1988    31     1.279
1988    32     1.382
1988    33     1.481
1988    34     1.575
1988    35     1.661
1988    36         .
1988    37         .
1988    38         .
1988    39         .
1988    40         .
1988    41         .
1988    42         .
1988    43         .
1988    44         .
1988    45         .
1988    46         .
1988    47         .
1988    48         .
1988    49         .
1988    50         .
1988    51         .
1988    52         .
1988    53         .
1988    54         .
1988    55         .
1989    12     0.000
1989    13     0.000
1989    14     0.000
1989    15     0.003
1989    16     0.012
1989    17     0.031
1989    18     0.068
1989    19     0.126
1989    20     0.203
1989    21     0.287
1989    22     0.369
1989    23     0.454
1989    24     0.541
1989    25     0.631
1989    26     0.725
1989    27     0.823
1989    28     0.924
1989    29     1.026
1989    30     1.129
1989    31     1.232
1989    32     1.334
1989    33     1.433
1989    34     1.526
1989    35         .
1989    36         .
1989    37         .
1989    38         .
1989    39         .
1989    40         .
1989    41         .
1989    42         .
1989    43         .
1989    44         .
1989    45         .
1989    46         .
1989    47         .
1989    48         .
1989    49         .
1989    50         .
1989    51         .
1989    52         .
1989    53         .
1989    54         .
1989    55         .
1990    12     0.000
1990    13     0.000
1990    14     0.000
1990    15     0.003
1990    16     0.012
1990    17     0.031
1990    18     0.067
1990    19     0.122
1990    20     0.194
1990    21     0.272
1990    22     0.351
1990    23     0.434
1990    24     0.519
1990    25     0.607
1990    26     0.699
1990    27     0.794
1990    28     0.891
1990    29     0.990
1990    30     1.090
1990    31     1.192
1990    32     1.295
1990    33     1.392
1990    34         .
1990    35         .
1990    36         .
1990    37         .
1990    38         .
1990    39         .
1990    40         .
1990    41         .
1990    42         .
1990    43         .
1990    44         .
1990    45         .
1990    46         .
1990    47         .
1990    48         .
1990    49         .
1990    50         .
1990    51         .
1990    52         .
1990    53         .
1990    54         .
1990    55         .
1991    12     0.000
1991    13     0.000
1991    14     0.001
1991    15     0.003
1991    16     0.012
1991    17     0.031
1991    18     0.066
1991    19     0.116
1991    20     0.183
1991    21     0.257
1991    22     0.333
1991    23     0.414
1991    24     0.498
1991    25     0.585
1991    26     0.674
1991    27     0.766
1991    28     0.860
1991    29     0.957
1991    30     1.057
1991    31     1.159
1991    32     1.260
1991    33         .
1991    34         .
1991    35         .
1991    36         .
1991    37         .
1991    38         .
1991    39         .
1991    40         .
1991    41         .
1991    42         .
1991    43         .
1991    44         .
1991    45         .
1991    46         .
1991    47         .
1991    48         .
1991    49         .
1991    50         .
1991    51         .
1991    52         .
1991    53         .
1991    54         .
1991    55         .
1992    12     0.000
1992    13     0.000
1992    14     0.001
1992    15     0.003
1992    16     0.011
1992    17     0.030
1992    18     0.061
1992    19     0.106
1992    20     0.169
1992    21     0.241
1992    22     0.315
1992    23     0.395
1992    24     0.477
1992    25     0.561
1992    26     0.648
1992    27     0.739
1992    28     0.831
1992    29     0.927
1992    30     1.028
1992    31     1.129
1992    32         .
1992    33         .
1992    34         .
1992    35         .
1992    36         .
1992    37         .
1992    38         .
1992    39         .
1992    40         .
1992    41         .
1992    42         .
1992    43         .
1992    44         .
1992    45         .
1992    46         .
1992    47         .
1992    48         .
1992    49         .
1992    50         .
1992    51         .
1992    52         .
1992    53         .
1992    54         .
1992    55         .
1993    12     0.000
1993    13     0.000
1993    14     0.001
1993    15     0.003
1993    16     0.011
1993    17     0.027
1993    18     0.055
1993    19     0.097
1993    20     0.156
1993    21     0.225
1993    22     0.297
1993    23     0.374
1993    24     0.454
1993    25     0.536
1993    26     0.621
1993    27     0.710
1993    28     0.802
1993    29     0.900
1993    30     1.000
1993    31         .
1993    32         .
1993    33         .
1993    34         .
1993    35         .
1993    36         .
1993    37         .
1993    38         .
1993    39         .
1993    40         .
1993    41         .
1993    42         .
1993    43         .
1993    44         .
1993    45         .
1993    46         .
1993    47         .
1993    48         .
1993    49         .
1993    50         .
1993    51         .
1993    52         .
1993    53         .
1993    54         .
1993    55         .
1994    12     0.000
1994    13     0.000
1994    14     0.001
1994    15     0.003
1994    16     0.010
1994    17     0.024
1994    18     0.049
1994    19     0.087
1994    20     0.143
1994    21     0.208
1994    22     0.277
1994    23     0.351
1994    24     0.428
1994    25     0.508
1994    26     0.592
1994    27     0.680
1994    28     0.774
1994    29     0.871
1994    30         .
1994    31         .
1994    32         .
1994    33         .
1994    34         .
1994    35         .
1994    36         .
1994    37         .
1994    38         .
1994    39         .
1994    40         .
1994    41         .
1994    42         .
1994    43         .
1994    44         .
1994    45         .
1994    46         .
1994    47         .
1994    48         .
1994    49         .
1994    50         .
1994    51         .
1994    52         .
1994    53         .
1994    54         .
1994    55         .
1995    12     0.000
1995    13     0.000
1995    14     0.000
1995    15     0.002
1995    16     0.008
1995    17     0.022
1995    18     0.044
1995    19     0.079
1995    20     0.131
1995    21     0.192
1995    22     0.258
1995    23     0.329
1995    24     0.403
1995    25     0.481
1995    26     0.564
1995    27     0.653
1995    28     0.746
1995    29         .
1995    30         .
1995    31         .
1995    32         .
1995    33         .
1995    34         .
1995    35         .
1995    36         .
1995    37         .
1995    38         .
1995    39         .
1995    40         .
1995    41         .
1995    42         .
1995    43         .
1995    44         .
1995    45         .
1995    46         .
1995    47         .
1995    48         .
1995    49         .
1995    50         .
1995    51         .
1995    52         .
1995    53         .
1995    54         .
1995    55         .
1996    12     0.000
1996    13     0.000
1996    14     0.000
1996    15     0.002
1996    16     0.008
1996    17     0.019
1996    18     0.039
1996    19     0.071
1996    20     0.120
1996    21     0.177
1996    22     0.240
1996    23     0.308
1996    24     0.380
1996    25     0.457
1996    26     0.539
1996    27     0.626
1996    28         .
1996    29         .
1996    30         .
1996    31         .
1996    32         .
1996    33         .
1996    34         .
1996    35         .
1996    36         .
1996    37         .
1996    38         .
1996    39         .
1996    40         .
1996    41         .
1996    42         .
1996    43         .
1996    44         .
1996    45         .
1996    46         .
1996    47         .
1996    48         .
1996    49         .
1996    50         .
1996    51         .
1996    52         .
1996    53         .
1996    54         .
1996    55         .
1997    12     0.000
1997    13     0.000
1997    14     0.000
1997    15     0.002
1997    16     0.007
1997    17     0.017
1997    18     0.035
1997    19     0.065
1997    20     0.110
1997    21     0.165
1997    22     0.226
1997    23     0.292
1997    24     0.362
1997    25     0.437
1997    26     0.519
1997    27         .
1997    28         .
1997    29         .
1997    30         .
1997    31         .
1997    32         .
1997    33         .
1997    34         .
1997    35         .
1997    36         .
1997    37         .
1997    38         .
1997    39         .
1997    40         .
1997    41         .
1997    42         .
1997    43         .
1997    44         .
1997    45         .
1997    46         .
1997    47         .
1997    48         .
1997    49         .
1997    50         .
1997    51         .
1997    52         .
1997    53         .
1997    54         .
1997    55         .
1998    12     0.000
1998    13     0.000
1998    14     0.000
1998    15     0.002
1998    16     0.006
1998    17     0.015
1998    18     0.032
1998    19     0.059
1998    20     0.101
1998    21     0.154
1998    22     0.212
1998    23     0.276
1998    24     0.345
1998    25     0.419
1998    26         .
1998    27         .
1998    28         .
1998    29         .
1998    30         .
1998    31         .
1998    32         .
1998    33         .
1998    34         .
1998    35         .
1998    36         .
1998    37         .
1998    38         .
1998    39         .
1998    40         .
1998    41         .
1998    42         .
1998    43         .
1998    44         .
1998    45         .
1998    46         .
1998    47         .
1998    48         .
1998    49         .
1998    50         .
1998    51         .
1998    52         .
1998    53         .
1998    54         .
1998    55         .
1999    12     0.000
1999    13     0.000
1999    14     0.000
1999    15     0.001
1999    16     0.005
1999    17     0.014
1999    18     0.028
1999    19     0.053
1999    20     0.093
1999    21     0.143
1999    22     0.198
1999    23     0.260
1999    24     0.327
1999    25         .
1999    26         .
1999    27         .
1999    28         .
1999    29         .
1999    30         .
1999    31         .
1999    32         .
1999    33         .
1999    34         .
1999    35         .
1999    36         .
1999    37         .
1999    38         .
1999    39         .
1999    40         .
1999    41         .
1999    42         .
1999    43         .
1999    44         .
1999    45         .
1999    46         .
1999    47         .
1999    48         .
1999    49         .
1999    50         .
1999    51         .
1999    52         .
1999    53         .
1999    54         .
1999    55         .
2000    12     0.000
2000    13     0.000
2000    14     0.000
2000    15     0.001
2000    16     0.005
2000    17     0.012
2000    18     0.025
2000    19     0.048
2000    20     0.086
2000    21     0.133
2000    22     0.186
2000    23     0.245
2000    24         .
2000    25         .
2000    26         .
2000    27         .
2000    28         .
2000    29         .
2000    30         .
2000    31         .
2000    32         .
2000    33         .
2000    34         .
2000    35         .
2000    36         .
2000    37         .
2000    38         .
2000    39         .
2000    40         .
2000    41         .
2000    42         .
2000    43         .
2000    44         .
2000    45         .
2000    46         .
2000    47         .
2000    48         .
2000    49         .
2000    50         .
2000    51         .
2000    52         .
2000    53         .
2000    54         .
2000    55         .
2001    12     0.000
2001    13     0.000
2001    14     0.000
2001    15     0.001
2001    16     0.004
2001    17     0.011
2001    18     0.023
2001    19     0.045
2001    20     0.080
2001    21     0.124
2001    22     0.175
2001    23         .
2001    24         .
2001    25         .
2001    26         .
2001    27         .
2001    28         .
2001    29         .
2001    30         .
2001    31         .
2001    32         .
2001    33         .
2001    34         .
2001    35         .
2001    36         .
2001    37         .
2001    38         .
2001    39         .
2001    40         .
2001    41         .
2001    42         .
2001    43         .
2001    44         .
2001    45         .
2001    46         .
2001    47         .
2001    48         .
2001    49         .
2001    50         .
2001    51         .
2001    52         .
2001    53         .
2001    54         .
2001    55         .
2002    12     0.000
2002    13     0.000
2002    14     0.000
2002    15     0.001
2002    16     0.004
2002    17     0.010
2002    18     0.021
2002    19     0.041
2002    20     0.074
2002    21     0.117
2002    22         .
2002    23         .
2002    24         .
2002    25         .
2002    26         .
2002    27         .
2002    28         .
2002    29         .
2002    30         .
2002    31         .
2002    32         .
2002    33         .
2002    34         .
2002    35         .
2002    36         .
2002    37         .
2002    38         .
2002    39         .
2002    40         .
2002    41         .
2002    42         .
2002    43         .
2002    44         .
2002    45         .
2002    46         .
2002    47         .
2002    48         .
2002    49         .
2002    50         .
2002    51         .
2002    52         .
2002    53         .
2002    54         .
2002    55         .
2003    12     0.000
2003    13     0.000
2003    14     0.000
2003    15     0.001
2003    16     0.003
2003    17     0.009
2003    18     0.019
2003    19     0.038
2003    20     0.070
2003    21         .
2003    22         .
2003    23         .
2003    24         .
2003    25         .
2003    26         .
2003    27         .
2003    28         .
2003    29         .
2003    30         .
2003    31         .
2003    32         .
2003    33         .
2003    34         .
2003    35         .
2003    36         .
2003    37         .
2003    38         .
2003    39         .
2003    40         .
2003    41         .
2003    42         .
2003    43         .
2003    44         .
2003    45         .
2003    46         .
2003    47         .
2003    48         .
2003    49         .
2003    50         .
2003    51         .
2003    52         .
2003    53         .
2003    54         .
2003    55         .
2004    12     0.000
2004    13     0.000
2004    14     0.000
2004    15     0.001
2004    16     0.003
2004    17     0.008
2004    18     0.018
2004    19     0.036
2004    20         .
2004    21         .
2004    22         .
2004    23         .
2004    24         .
2004    25         .
2004    26         .
2004    27         .
2004    28         .
2004    29         .
2004    30         .
2004    31         .
2004    32         .
2004    33         .
2004    34         .
2004    35         .
2004    36         .
2004    37         .
2004    38         .
2004    39         .
2004    40         .
2004    41         .
2004    42         .
2004    43         .
2004    44         .
2004    45         .
2004    46         .
2004    47         .
2004    48         .
2004    49         .
2004    50         .
2004    51         .
2004    52         .
2004    53         .
2004    54         .
2004    55         .
2005    12     0.000
2005    13     0.000
2005    14     0.000
2005    15     0.001
2005    16     0.003
2005    17     0.008
2005    18     0.017
2005    19         .
2005    20         .
2005    21         .
2005    22         .
2005    23         .
2005    24         .
2005    25         .
2005    26         .
2005    27         .
2005    28         .
2005    29         .
2005    30         .
2005    31         .
2005    32         .
2005    33         .
2005    34         .
2005    35         .
2005    36         .
2005    37         .
2005    38         .
2005    39         .
2005    40         .
2005    41         .
2005    42         .
2005    43         .
2005    44         .
2005    45         .
2005    46         .
2005    47         .
2005    48         .
2005    49         .
2005    50         .
2005    51         .
2005    52         .
2005    53         .
2005    54         .
2005    55         .
2006    12     0.000
2006    13     0.000
2006    14     0.000
2006    15     0.001
2006    16     0.003
2006    17     0.008
2006    18         .
2006    19         .
2006    20         .
2006    21         .
2006    22         .
2006    23         .
2006    24         .
2006    25         .
2006    26         .
2006    27         .
2006    28         .
2006    29         .
2006    30         .
2006    31         .
2006    32         .
2006    33         .
2006    34         .
2006    35         .
2006    36         .
2006    37         .
2006    38         .
2006    39         .
2006    40         .
2006    41         .
2006    42         .
2006    43         .
2006    44         .
2006    45         .
2006    46         .
2006    47         .
2006    48         .
2006    49         .
2006    50         .
2006    51         .
2006    52         .
2006    53         .
2006    54         .
2006    55         .
2007    12     0.000
2007    13     0.000
2007    14     0.000
2007    15     0.001
2007    16     0.003
2007    17         .
2007    18         .
2007    19         .
2007    20         .
2007    21         .
2007    22         .
2007    23         .
2007    24         .
2007    25         .
2007    26         .
2007    27         .
2007    28         .
2007    29         .
2007    30         .
2007    31         .
2007    32         .
2007    33         .
2007    34         .
2007    35         .
2007    36         .
2007    37         .
2007    38         .
2007    39         .
2007    40         .
2007    41         .
2007    42         .
2007    43         .
2007    44         .
2007    45         .
2007    46         .
2007    47         .
2007    48         .
2007    49         .
2007    50         .
2007    51         .
2007    52         .
2007    53         .
2007    54         .
2007    55         .
2008    12     0.000
2008    13     0.000
2008    14     0.000
2008    15     0.001
2008    16         .
2008    17         .
2008    18         .
2008    19         .
2008    20         .
2008    21         .
2008    22         .
2008    23         .
2008    24         .
2008    25         .
2008    26         .
2008    27         .
2008    28         .
2008    29         .
2008    30         .
2008    31         .
2008    32         .
2008    33         .
2008    34         .
2008    35         .
2008    36         .
2008    37         .
2008    38         .
2008    39         .
2008    40         .
2008    41         .
2008    42         .
2008    43         .
2008    44         .
2008    45         .
2008    46         .
2008    47         .
2008    48         .
2008    49         .
2008    50         .
2008    51         .
2008    52         .
2008    53         .
2008    54         .
2008    55         .
2009    12     0.000
2009    13     0.000
2009    14     0.000
2009    15         .
2009    16         .
2009    17         .
2009    18         .
2009    19         .
2009    20         .
2009    21         .
2009    22         .
2009    23         .
2009    24         .
2009    25         .
2009    26         .
2009    27         .
2009    28         .
2009    29         .
2009    30         .
2009    31         .
2009    32         .
2009    33         .
2009    34         .
2009    35         .
2009    36         .
2009    37         .
2009    38         .
2009    39         .
2009    40         .
2009    41         .
2009    42         .
2009    43         .
2009    44         .
2009    45         .
2009    46         .
2009    47         .
2009    48         .
2009    49         .
2009    50         .
2009    51         .
2009    52         .
2009    53         .
2009    54         .
2009    55         .
2010    12     0.000
2010    13     0.000
2010    14         .
2010    15         .
2010    16         .
2010    17         .
2010    18         .
2010    19         .
2010    20         .
2010    21         .
2010    22         .
2010    23         .
2010    24         .
2010    25         .
2010    26         .
2010    27         .
2010    28         .
2010    29         .
2010    30         .
2010    31         .
2010    32         .
2010    33         .
2010    34         .
2010    35         .
2010    36         .
2010    37         .
2010    38         .
2010    39         .
2010    40         .
2010    41         .
2010    42         .
2010    43         .
2010    44         .
2010    45         .
2010    46         .
2010    47         .
2010    48         .
2010    49         .
2010    50         .
2010    51         .
2010    52         .
2010    53         .
2010    54         .
2010    55         .